8691
26928
44965
17180
24779
27158
9614
54140
9975
48272
21644
15508
4580
48109
36260
38918
19950
60869
60562
11746
60338
55981
15705
37796
45567
26731
17821
22826
57116
40902
57866
21463
28164
38170
59920
57183
47179
29207
4235
7017
16562
1403
28073
8961
13936
27309
10464
63862
51951
15265
61471
54710
52371
50044
55048
7126
32350
1058
40206
41573
18172
19621
42776
26845
22343
5796
38908
7164
43554
58658
65040
18057
60003
46282
4734
55041
41253
64478
52222
22394
9286
19376
16835
23167
47932
61083
30586
57453
21846
45172
34844
58136
34991
46116
54661
31483
51864
27766
28220
51501
